-0.000844201976084282
-0.000846683760530659
-0.000848537018058034
-0.000850846389260120
-0.000854647584335958
-0.000860005769256020
-0.000865768573621190
-0.000870291702814232
-0.000872655415340108
-0.000873444309150041
-0.000874439077104010
-0.000877385698012730
-0.000882736092206600
-0.000889310283869996
-0.000895146917961476
-0.000898906632090467
-0.000900775773483407
-0.000902215612700632
-0.000904800848251660
-0.000909079617517368
-0.000914324781362316
-0.000919297539139742
-0.000923326388753852
-0.000926783969293588
-0.000930592464920784
-0.000935238280306262
-0.000940208058048707
-0.000944396477657653
-0.000947175222994756
-0.000949182346181234
-0.000952053689729610
-0.000957181930554994
-0.000964457050308298
-0.000972070376423102
-0.000977686050337873
-0.000980181820719795
-0.000980624773675773
-0.000981654123757675
-0.000985644548533829
-0.000992991621104533
-0.001001815372231784
-0.001009321324170991
-0.001013798027727614
-0.001015752273172970
-0.001017367097394034
-0.001020774017688116
-0.001026524341751797
-0.001033422167683534
-0.001039741130791937
-0.001044727113481113
-0.001049105999762262
-0.001054209330751439
-0.001060544623319421
-0.001067138535168421
-0.001072324235841124
-0.001075361572344814
-0.001077460103514450
-0.001081163672271401
-0.001088397944763322
-0.001098693126541254
-0.001109125781314723
-0.001116252728631931
-0.001118695446441336
-0.001118383747722297
-0.001119379906688999
-0.001125036466225661
-0.001135572933301696
-0.001147907648402323
-0.001157894503061932
-0.001163282507214344
-0.001165176421568497
-0.001166962137025721
-0.001171636876779253
-0.001179682600035518
-0.001189095350185595
-0.001197380493076234
-0.001203727870576838
-0.001209504040943117
-0.001216696693195850
-0.001225755926623941
-0.001234851121877141
-0.001241367454938342
-0.001244468598084806
-0.001246454414815905
-0.001251466913819456
-0.001262278351378777
-0.001277664704246415
-0.001292677981323525
-0.001301971990748737
-0.001303845050217466
-0.001301868350036849
-0.001302639975136856
-0.001311148778641128
-0.001327161521281237
-0.001345380914541430
-0.001359294603807809
-0.001365816946233544
-0.001367235692524676
-0.001369101081377755
-0.001375862830158798
-0.001387750016170205
-0.001401256643470706
-0.001412582010546967
-0.001420961887709053
-0.001429014360099812
-0.001439864055838242
-0.001453681928482357
-0.001466909837074108
-0.001475187382191351
-0.001477676536836777
-0.001478930043699227
-0.001486171820345401
-0.001503642688140250
-0.001528440158867508
-0.001551582207966383
-0.001564116300413892
-0.001563946253636953
-0.001558058420988675
-0.001558043985800545
-0.001571925958556895
-0.001598325636408922
-0.001627431990190884
-0.001648128074524733
-0.001655907857455022
-0.001655622150000935
-0.001657156132416017
-0.001667674634470272
-0.001686655888724256
-0.001707484120211513
-0.001723884472531638
-0.001735484359594780
-0.001747632654681534
-0.001765660793347599
-0.001788796957539186
-0.001809570894712766
-0.001819975146584802
-0.001819536586582008
-0.001818054852153152
-0.001829536387438371
-0.001861135697349588
-0.001905795696566641
-0.001945338755224634
-0.001962928844173134
-0.001956044788847842
-0.001939788858798788
-0.001937124178743307
-0.001962634036553482
-0.002011821387830130
-0.002064225892653429
-0.002098255721200907
-0.002106582109813797
-0.002100450326408941
-0.002099925048870503
-0.002118153412182675
-0.002152314446708647
-0.002188214903285556
-0.002214047591122243
-0.002231096966378322
-0.002251792111337916
-0.002286586480670343
-0.002331462816068129
-0.002368310511299568
-0.002379829848740621
-0.002367344004253512
-0.002355410098434174
-0.002376380293896707
-0.002444657243513046
-0.002540886375476279
-0.002621009989941202
-0.002646558084054736
-0.002614719233046659
-0.002564415502973766
-0.002551253714773837
-0.002608090975800130
-0.002720417097491239
-0.002835987512449278
-0.002902492802546610
-0.002905099224132416
-0.002875177783689772
-0.002863804562584470
-0.002901560649751308
-0.002977219503267756
-0.003052359213187852
-0.003098711298056288
-0.003125072217593997
-0.003168584872438261
-0.003256091523360513
-0.003369744564123622
-0.003451570219421943
-0.003450508590374041
-0.003376324818296886
-0.003311437776512146
-0.003359890791762342
-0.003564226412068057
-0.003854943792338529
-0.004081638523153197
-0.004115363699761890
-0.003951503064765705
-0.003731364530283871
-0.003654578703991327
-0.003837605046544580
-0.004222248073950734
-0.004608922768399247
-0.004797854625035484
-0.004735209736593345
-0.004550583644436759
-0.004452677823060009
-0.004563373319176446
-0.004825718043940228
-0.005066769212878817
-0.005167173999126040
-0.005188967957095053
-0.005332990727526670
-0.005737452626822497
-0.006283886603175980
-0.006609163500835445
-0.006377795003760890
-0.005637778559806226
-0.004951654569136929
-0.005103406614644078
-0.006497535213766450
-0.008670592835440681
-0.010366683341564631
-0.010290416773497737
-0.008127677637788043
-0.005094398396253787
-0.003448260267877664
-0.005061929383648605
-0.009907008721399359
-0.015576847381065202
-0.018464412057795102
-0.016119624333681661
-0.009327930865172453
-0.002326980508690430
-0.000580011561739362
-0.007156611019046849
-0.019990501546213943
-0.032146273289571266
-0.035571452181154845
-0.026501797006041300
-0.009186195179403809
 0.004944518058558014
 0.003099634157861354
-0.020766746364008951
-0.060204247049123770
-0.096824128738708090
-0.107921230600352344
-0.077855364413684194
-0.007326109294512490
 0.084734387937517100
 0.168287555054051574
 0.215191654454295445
 0.211684258898366978
 0.164088565945327419
 0.095002144801858854
 0.032174423215360709
-0.004070894269672473
-0.008610572650955920
 0.008842831624182507
 0.031114026903570551
 0.043334732425631364
 0.039814422913716785
 0.024937391165556992
 0.008614907728653854
-0.000337979569463348
 0.001063528952094589
 0.009403945909261609
 0.018029447818797447
 0.021472238925917549
 0.018370113046316181
 0.011463404098462469
 0.005202684685818418
 0.002808927841851126
 0.004621903841237538
 0.008473543427759413
 0.011476167746674046
 0.011878831652832591
 0.009860908408388732
 0.006998695294793310
 0.005005369835369307
 0.004670099757390826
 0.005606048305788213
 0.006781570800843267
 0.007320512343767043
 0.007000646641939278
 0.006204143011184771
 0.005489770626609761
 0.005168401595171476
 0.005170511144399709
 0.005222968687962098
 0.005127693199945551
 0.004906678235114995
 0.004728880111666882
 0.004720630390019773
 0.004837227645970390
 0.004898838937482775
 0.004747573854924849
 0.004387046073971335
 0.003989443312256898
 0.003767635729545892
 0.003816033157665343
 0.004042742947264712
 0.004239846124645953
 0.004233038282813667
 0.003997796432425435
 0.003662312634306153
 0.003405575479900024
 0.003332614258205648
 0.003416023898842336
 0.003535448903056519
 0.003573575472528028
 0.003493132937312739
 0.003344222134962703
 0.003209213140519916
 0.003136557897317989
 0.003114404533481207
 0.003096358380951502
 0.003049499110900294
 0.002981773068791158
 0.002928593484130472
 0.002914801586041986
 0.002927573937135759
 0.002924223802103772
 0.002867989072343240
 0.002761208317006885
 0.002647670744673734
 0.002581323166702728
 0.002585665351249628
 0.002635419713609656
 0.002674414724396329
 0.002655728345062032
 0.002573885203335548
 0.002466120828629310
 0.002383697294352004
 0.002355968958114661
 0.002373308205650837
 0.002398975899292975
 0.002398092186257410
 0.002360854960431550
 0.002304193126037472
 0.002253998614135341
 0.002224254160722768
 0.002209404485293050
 0.002193743976559620
 0.002167569524883090
 0.002135593359407855
 0.002111098130952360
 0.002102024872706984
 0.002101852412115046
 0.002093603420604791
 0.002063862357015475
 0.002015043075116394
 0.001965373698979917
 0.001935995059625463
 0.001935015418646661
 0.001950930247261900
 0.001960578326163041
 0.001945627076340257
 0.001905237476619491
 0.001855782364941669
 0.001818455608205879
 0.001804450332999000
 0.001808496943840709
 0.001814585308236591
 0.001808453041117269
 0.001787028326578042
 0.001758373866204957
 0.001733545008002538
 0.001717717352662916
 0.001707557236881095
 0.001696003659835744
 0.001679493277788017
 0.001661139724161510
 0.001647351956850928
 0.001641211172444293
 0.001638677559761196
 0.001631190478123124
 0.001612699562332799
 0.001585285130956458
 0.001558505161265268
 0.001542626235000226
 0.001540864343353696
 0.001546673190614362
 0.001548260412169505
 0.001536964419980084
 0.001513235708795818
 0.001485908260872542
 0.001465584847005939
 0.001457257884111838
 0.001457526331882914
 0.001457994284613451
 0.001451757454519537
 0.001437907194611195
 0.001421001826257359
 0.001406598031613422
 0.001396823890064969
 0.001389467129611630
 0.001380838546625797
 0.001369541001685597
 0.001357759373811977
 0.001349040352704933
 0.001344647656368190
 0.001341818428303380
 0.001335615475745182
 0.001322979259265705
 0.001305630256299090
 0.001289287557259613
 0.001279601867109172
 0.001277875692447209
 0.001279901339815213
 0.001278875790850372
 0.001270227345326128
 0.001254757349567366
 0.001237838712598113
 0.001225421425045645
 0.001219918947342418
 0.001218950497327299
 0.001217593513094929
 0.001212152925320038
 0.001202516651154285
 0.001191532214404008
 0.001182278052713399
 0.001175633916859257
 0.001170047853975800
 0.001163415243178306
 0.001155234731715272
 0.001147103106809911
 0.001141151884572505
 0.001137855610614399
 0.001135208496214297
 0.001130112179274389
 0.001120922696467929
 0.001109056302437491
 0.001098234962404767
 0.001091826143601685
 0.001090286829910872
 0.001090701470406590
 0.001088813342743794
 0.001082040874309899
 0.001071235673833936
 0.001059927930985320
 0.001051716183274736
 0.001047800558764515
 0.001046432118368326
 0.001044506414444926
 0.001039919718430773
 0.001032866322498671
 0.001025241356070093
 0.001018856550409217
 0.001014027137371598
 0.001009625464126166
 0.001004386599352713
 0.000998214152220051
 0.000992309418591213
 0.000988020973704007
 0.000985449378847551
 0.000983079395924063
 0.000978854009769541
 0.000971870588896779
 0.000963301362608162
 0.000955710808944918
 0.000951213595071643
 0.000949866165557813
 0.000949544527402586
 0.000947432358248831
 0.000942013286425465
 0.000934088781783698
 0.000926104284161030
 0.000920349584027453
 0.000917406137101720
 0.000915947541268559
 0.000913915669196082
 0.000910068426695150
 0.000904709930165687
 0.000899155844410241
 0.000894511810716874
 0.000890824058080558
 0.000887253828865024
 0.000883019506012205
 0.000878215006091967
 0.000873763281585712
 0.000870544349667694
 0.000868473578187443
 0.000866373796316000
 0.000862825548347155
 0.000857342422270879
 0.000850902351006954
 0.000845345139205384
 0.000842045002968104
 0.000840863287401748
 0.000840197243501169
 0.000838108308786335
 0.000833690133620489
 0.000827663610141762
 0.000821787783507151
 0.000817571279881775
 0.000815263369961913
 0.000813835369116750
 0.000811874202438324
 0.000808634429422004
 0.000804446016048130

