 0.000804446016048870
 0.000808634429421952
 0.000811874202437707
 0.000813835369115908
 0.000815263369961126
 0.000817571279881167
 0.000821787783506689
 0.000827663610141341
 0.000833690133620031
 0.000838108308785839
 0.000840197243500704
 0.000840863287401395
 0.000842045002967899
 0.000845345139205295
 0.000850902351006907
 0.000857342422270808
 0.000862825548347044
 0.000866373796315897
 0.000868473578187428
 0.000870544349667838
 0.000873763281586041
 0.000878215006092448
 0.000883019506012766
 0.000887253828865580
 0.000890824058081033
 0.000894511810717222
 0.000899155844410438
 0.000904709930165736
 0.000910068426695072
 0.000913915669195918
 0.000915947541268366
 0.000917406137101559
 0.000920349584027374
 0.000926104284161056
 0.000934088781783815
 0.000942013286425634
 0.000947432358248995
 0.000949544527402697
 0.000949866165557838
 0.000951213595071571
 0.000955710808944755
 0.000963301362607931
 0.000971870588896523
 0.000978854009769316
 0.000983079395923932
 0.000985449378847564
 0.000988020973704178
 0.000992309418591508
 0.000998214152220384
 0.001004386599352976
 0.001009625464126266
 0.001014027137371490
 0.001018856550408925
 0.001025241356069697
 0.001032866322498276
 0.001039919718430471
 0.001044506414444769
 0.001046432118368315
 0.001047800558764619
 0.001051716183274905
 0.001059927930985505
 0.001071235673834105
 0.001082040874310029
 0.001088813342743868
 0.001090701470406596
 0.001090286829910802
 0.001091826143601544
 0.001098234962404581
 0.001109056302437302
 0.001120922696467793
 0.001130112179274359
 0.001135208496214405
 0.001137855610614637
 0.001141151884572826
 0.001147103106810233
 0.001155234731715503
 0.001163415243178370
 0.001170047853975666
 0.001175633916858952
 0.001182278052712997
 0.001191532214403612
 0.001202516651154000
 0.001212152925319942
 0.001217593513095058
 0.001218950497327645
 0.001219918947342932
 0.001225421425046244
 0.001237838712598688
 0.001254757349567800
 0.001270227345326321
 0.001278875790850270
 0.001279901339814838
 0.001277875692446667
 0.001279601867108629
 0.001289287557259244
 0.001305630256299008
 0.001322979259265917
 0.001335615475745589
 0.001341818428303814
 0.001344647656368486
 0.001349040352704992
 0.001357759373811778
 0.001369541001685171
 0.001380838546625183
 0.001389467129610849
 0.001396823890064059
 0.001406598031612498
 0.001421001826256672
 0.001437907194611095
 0.001451757454520347
 0.001457994284615275
 0.001457526331885485
 0.001457257884114513
 0.001465584847007892
 0.001485908260873094
 0.001513235708794758
 0.001536964419977799
 0.001548260412166845
 0.001546673190612260
 0.001540864343352746
 0.001542626235000413
 0.001558505161266013
 0.001585285130956959
 0.001612699562332477
 0.001631190478121962
 0.001638677559759756
 0.001641211172443430
 0.001647351956851344
 0.001661139724163382
 0.001679493277790902
 0.001696003659838773
 0.001707557236883367
 0.001717717352663864
 0.001733545008002107
 0.001758373866203532
 0.001787028326576213
 0.001808453041115563
 0.001814585308235313
 0.001808496943839925
 0.001804450332998629
 0.001818455608205807
 0.001855782364941811
 0.001905237476619792
 0.001945627076340659
 0.001960578326163457
 0.001950930247262225
 0.001935015418646810
 0.001935995059625413
 0.001965373698979719
 0.002015043075116158
 0.002063862357015331
 0.002093603420604837
 0.002101852412115325
 0.002102024872707464
 0.002111098130952949
 0.002135593359408426
 0.002167569524883520
 0.002193743976559824
 0.002209404485293002
 0.002224254160722496
 0.002253998614134912
 0.002304193126036961
 0.002360854960431028
 0.002398092186256938
 0.002398975899292613
 0.002373308205650639
 0.002355968958114660
 0.002383697294352186
 0.002466120828629604
 0.002573885203335845
 0.002655728345062229
 0.002674414724396378
 0.002635419713609585
 0.002585665351249516
 0.002581323166702662
 0.002647670744673764
 0.002761208317007017
 0.002867989072343462
 0.002924223802104070
 0.002927573937136131
 0.002914801586042409
 0.002928593484130875
 0.002981773068791433
 0.003049499110900343
 0.003096358380951299
 0.003114404533480846
 0.003136557897317633
 0.003209213140519703
 0.003344222134962666
 0.003493132937312785
 0.003573575472528023
 0.003535448903056398
 0.003416023898842169
 0.003332614258205590
 0.003405575479900197
 0.003662312634306522
 0.003997796432425809
 0.004233038282813829
 0.004239846124645819
 0.004042742947264416
 0.003816033157665161
 0.003767635729546053
 0.003989443312257410
 0.004387046073971985
 0.004747573854925349
 0.004898838937482976
 0.004837227645970377
 0.004720630390019764
 0.004728880111667024
 0.004906678235115220
 0.005127693199945634
 0.005222968687961906
 0.005170511144399386
 0.005168401595171404
 0.005489770626610237
 0.006204143011185663
 0.007000646641939972
 0.007320512343766839
 0.006781570800841995
 0.005606048305786614
 0.004670099757390266
 0.005005369835370841
 0.006998695294796710
 0.009860908408392243
 0.011878831652833835
 0.011476167746671699
 0.008473543427754514
 0.004621903841233375
 0.002808927841851365
 0.005202684685824479
 0.011463404098471909
 0.018370113046323536
 0.021472238925917559
 0.018029447818788940
 0.009403945909249293
 0.001063528952087078
-0.000337979569458720
 0.008614907728671203
 0.024937391165578905
 0.039814422913729962
 0.043334732425625397
 0.031114026903545863
 0.008842831624153173
-0.008610572650967476
-0.004070894269647126
 0.032174423215426691
 0.095002144801948227
 0.164088565945407078
 0.211684258898402006
 0.215191654454265885
 0.168287555053962562
 0.084734387937397751
-0.007326109294621925
-0.077855364413750197
-0.107921230600361962
-0.096824128738672452
-0.060204247049069952
-0.020766746363965482
 0.003099634157877746
 0.004944518058547852
-0.009186195179426747
-0.026501797006059879
-0.035571452181158335
-0.032146273289559817
-0.019990501546196245
-0.007156611019033559
-0.000580011561736641
-0.002326980508697241
-0.009327930865182519
-0.016119624333688076
-0.018464412057794460
-0.015576847381058892
-0.009907008721391827
-0.005061929383644115
-0.003448260267877838
-0.005094398396257185
-0.008127677637791665
-0.010290416773499140
-0.010366683341563260
-0.008670592835437772
-0.006497535213763840
-0.005103406614642952
-0.004951654569137262
-0.005637778559807134
-0.006377795003761418
-0.006609163500835207
-0.006283886603175247
-0.005737452626821806
-0.005332990727526370
-0.005188967957095105
-0.005167173999126165
-0.005066769212878793
-0.004825718043940072
-0.004563373319176349
-0.004452677823060119
-0.004550583644437015
-0.004735209736593513
-0.004797854625035335
-0.004608922768398749
-0.004222248073950092
-0.003837605046544092
-0.003654578703991174
-0.003731364530283999
-0.003951503064765886
-0.004115363699761882
-0.004081638523152921
-0.003854943792338092
-0.003564226412067655
-0.003359890791762107
-0.003311437776512062
-0.003376324818296827
-0.003450508590373888
-0.003451570219421688
-0.003369744564123378
-0.003256091523360429
-0.003168584872438424
-0.003125072217594367
-0.003098711298056728
-0.003052359213188211
-0.002977219503267944
-0.002901560649751319
-0.002863804562584350
-0.002875177783689568
-0.002905099224132159
-0.002902492802546321
-0.002835987512448993
-0.002720417097491015
-0.002608090975800021
-0.002551253714773850
-0.002564415502973847
-0.002614719233046706
-0.002646558084054650
-0.002621009989940935
-0.002540886375475855
-0.002444657243512548
-0.002376380293896229
-0.002355410098433798
-0.002367344004253290
-0.002379829848740579
-0.002368310511299718
-0.002331462816068468
-0.002286586480670841
-0.002251792111338499
-0.002231096966378889
-0.002214047591122677
-0.002188214903285765
-0.002152314446708595
-0.002118153412182390
-0.002099925048870079
-0.002100450326408503
-0.002106582109813466
-0.002098255721200764
-0.002064225892653484
-0.002011821387830316
-0.001962634036553684
-0.001937124178743401
-0.001939788858798691
-0.001956044788847531
-0.001962928844172632
-0.001945338755223980
-0.001905795696565864
-0.001861135697348728
-0.001829536387437534
-0.001818054852152563
-0.001819536586581991
-0.001819975146585669
-0.001809570894714621
-0.001788796957541778
-0.001765660793350303
-0.001747632654683534
-0.001735484359595400
-0.001723884472530665
-0.001707484120209331
-0.001686655888721702
-0.001667674634468261
-0.001657156132415105
-0.001655622150001074
-0.001655907857455615
-0.001648128074524988
-0.001627431990190264
-0.001598325636407457
-0.001571925958555188
-0.001558043985799476
-0.001558058420988946
-0.001563946253638729
-0.001564116300416716
-0.001551582207969373
-0.001528440158869751
-0.001503642688141168
-0.001486171820344928
-0.001478930043697748
-0.001477676536834892
-0.001475187382189611
-0.001466909837072837
-0.001453681928481630
-0.001439864055837968
-0.001429014360099855
-0.001420961887709309
-0.001412582010547376
-0.001401256643471205
-0.001387750016170700
-0.001375862830159159
-0.001369101081377867
-0.001367235692524497
-0.001365816946233138
-0.001359294603807331
-0.001345380914541066
-0.001327161521281135
-0.001311148778641341
-0.001302639975137332
-0.001301868350037461
-0.001303845050218060
-0.001301971990749182
-0.001292677981323739
-0.001277664704246375
-0.001262278351378505
-0.001251466913819018
-0.001246454414815389
-0.001244468598084312
-0.001241367454937967
-0.001234851121876956
-0.001225755926623972
-0.001216696693196069
-0.001209504040943445
-0.001203727870577175
-0.001197380493076481
-0.001189095350185687
-0.001179682600035439
-0.001171636876779038
-0.001166962137025434
-0.001165176421568216
-0.001163282507214130
-0.001157894503061820
-0.001147907648402315
-0.001135572933301768
-0.001125036466225778
-0.001119379906689126
-0.001118383747722404
-0.001118695446441401
-0.001116252728631935
-0.001109125781314647
-0.001098693126541086
-0.001088397944763064
-0.001081163672271082
-0.001077460103514132
-0.001075361572344577
-0.001072324235841044
-0.001067138535168535
-0.001060544623319709
-0.001054209330751823
-0.001049105999762630
-0.001044727113481359
-0.001039741130791998
-0.001033422167683411
-0.001026524341751549
-0.001020774017687827
-0.001017367097393790
-0.001015752273172827
-0.001013798027727593
-0.001009321324171082
-0.001001815372231958
-0.000992991621104750
-0.000985644548534047
-0.000981654123757849
-0.000980624773675866
-0.000980181820719792
-0.000977686050337786
-0.000972070376422972
-0.000964457050308184
-0.000957181930554956
-0.000952053689729687
-0.000949182346181432
-0.000947175222995056
-0.000944396477658013
-0.000940208058049073
-0.000935238280306573
-0.000930592464920981
-0.000926783969293618
-0.000923326388753686
-0.000919297539139391
-0.000914324781361835
-0.000909079617516846
-0.000904800848251185
-0.000902215612700257
-0.000900775773483122
-0.000898906632090213
-0.000895146917961182
-0.000889310283869629
-0.000882736092206188
-0.000877385698012352
-0.000874439077103747
-0.000873444309149923
-0.000872655415340091
-0.000870291702814238
-0.000865768573621179
-0.000860005769256052
-0.000854647584336201
-0.000850846389260766
-0.000848537018059173
-0.000846683760532161
-0.000844201976085779

