 3.370671505512130E-6
 3.802972051748110E-6
 4.253665440364800E-6
 4.732858350770870E-6
 5.258106051852790E-6
 5.820573006993240E-6
 6.393534030028910E-6
 6.984140392636570E-6
 7.634268352470780E-6
 8.350095769105210E-6
 9.082025815389240E-6
 9.809230245711070E-6
 0.000010587750448328
 0.000011461800552916
 0.000012383547725552
 0.000013292777939340
 0.000014225864186771
 0.000015257148655801
 0.000016372395624409
 0.000017500840066877
 0.000018643448728468
 0.000019862308374926
 0.000021164905871823
 0.000022509834737230
 0.000023905128872480
 0.000025383683282434
 0.000026911376897525
 0.000028452708488416
 0.000030084668975804
 0.000031880734062368
 0.000033734093624517
 0.000035510744132894
 0.000037330676058080
 0.000039417326325499
 0.000041685593745972
 0.000043829359753311
 0.000045861116091940
 0.000048153762435892
 0.000050812951909152
 0.000053455014618654
 0.000055851820507881
 0.000058348366036650
 0.000061284277015167
 0.000064412606198422
 0.000067343263523147
 0.000070213177458069
 0.000073403637861258
 0.000076876340042798
 0.000080330189043007
 0.000083779120820643
 0.000087427989953913
 0.000091207147667963
 0.000094988955995189
 0.000098994948662360
 0.000103375624600472
 0.000107725169177628
 0.000111750789580729
 0.000116025114277728
 0.000121128003534863
 0.000126442414576319
 0.000131025788426003
 0.000135377252915270
 0.000140813208353797
 0.000147156377932722
 0.000152837135588939
 0.000157576455957040
 0.000163011295194962
 0.000169934375299785
 0.000176890187003675
 0.000182674888247721
 0.000188380785959129
 0.000195426191909398
 0.000203173365288925
 0.000210273942388436
 0.000217013111023234
 0.000224448754273611
 0.000232415198876027
 0.000240257594443213
 0.000248376719711251
 0.000257149319493736
 0.000265639888729060
 0.000273441072076563
 0.000282196903808825
 0.000292828068468837
 0.000303098534666216
 0.000311121063160688
 0.000319354267980799
 0.000330972457702814
 0.000343911998594789
 0.000353732593603519
 0.000361467728765723
 0.000372473308362974
 0.000387258515962759
 0.000400238828836628
 0.000409235341200004
 0.000419294589955344
 0.000433984298595711
 0.000449459985694531
 0.000461481237164216
 0.000472457139688962
 0.000486432558397252
 0.000502166930594928
 0.000516600694356375
 0.000530631155646230
 0.000546030378631247
 0.000561167856730046
 0.000575239490103755
 0.000591651017272022
 0.000611286634182244
 0.000628466410119463
 0.000640773010144543
 0.000655894547703294
 0.000679296571541759
 0.000702494401771591
 0.000716023299858655
 0.000727332361849520
 0.000749938070716473
 0.000779483005331929
 0.000799528877970134
 0.000809820602094329
 0.000827713768738628
 0.000858589928289884
 0.000886611386433894
 0.000902183433645538
 0.000917669809890776
 0.000944807586416778
 0.000975544696000766
 0.000998745790290061
 0.001019031353292027
 0.001044601704702062
 0.001071871215071397
 0.001096648661773959
 0.001124888389117657
 0.001157797764887459
 0.001183925419563237
 0.001202005284706431
 0.001230732121300572
 0.001275990343373780
 0.001312637235020004
 0.001325585038756062
 0.001342978463130911
 0.001392310008460544
 0.001448097410112714
 0.001470191883132455
 0.001475228485569716
 0.001512931825818152
 0.001580471116652960
 0.001624667402854523
 0.001632884915119658
 0.001654493115693723
 0.001715211575236391
 0.001775754537297441
 0.001803685373216327
 0.001825613955743938
 0.001872436633251171
 0.001927877764438811
 0.001970152339062457
 0.002012783414005429
 0.002065051371225519
 0.002105615517414226
 0.002134962403976547
 0.002192739795046717
 0.002278461368405615
 0.002328258371647700
 0.002328119979192006
 0.002364565277102703
 0.002481778100065149
 0.002581447920226559
 0.002578059259883975
 0.002563733305549355
 0.002667818145003458
 0.002825520836968328
 0.002872903711840938
 0.002830244532511470
 0.002876896105230160
 0.003044630696875644
 0.003163492438301831
 0.003156643639495182
 0.003163029596916913
 0.003284197481796045
 0.003422866721568336
 0.003482030115934886
 0.003525059824634504
 0.003617260178765356
 0.003702875776169423
 0.003762832648987350
 0.003885887462231556
 0.004054283987465409
 0.004104765373994599
 0.004056092024077162
 0.004174293395242844
 0.004498942896537743
 0.004662962807791584
 0.004501516889929607
 0.004444614059415885
 0.004838594224174519
 0.005264994638691506
 0.005174646382225927
 0.004881918299804900
 0.005113015687265399
 0.005745031882179855
 0.005952672271832904
 0.005620031117259412
 0.005562163983673658
 0.006119712574723900
 0.006598643503583406
 0.006523640863397209
 0.006407174401531786
 0.006715319883866872
 0.007089011832711872
 0.007231293221910890
 0.007500471726331580
 0.007926926457755255
 0.007891101354572954
 0.007594213848155557
 0.008249618786427815
 0.009674614658549836
 0.009770617937264180
 0.008219050858309819
 0.008137854862721625
 0.011055049147569268
 0.013025742107366591
 0.010507741798695172
 0.007656659977931145
 0.010780260339070352
 0.016654700412697222
 0.015796437665340075
 0.008908833457734194
 0.008500832928968135
 0.018336860270724467
 0.023931196199719219
 0.015120879557764467
 0.006335832471583755
 0.015778797827510287
 0.032332417172815549
 0.029089511486946520
 0.009666275219107012
 0.009100680394229168
 0.036584665824933485
 0.051875024660143723
 0.027475887608108800
 0.003611367708702714
 0.032634550210858100
 0.085005325871228624
 0.078778413859209084
 0.016919917983222999
 0.019397745974567629
 0.157772294953801601
 0.308050786910730290
 0.263783376162319283
-198.9134821255890E-15
-0.263783376162541550
-0.308050786910627705
-0.157772294953570869
-0.019397745974473961
-0.016919917983291549
-0.078778413859269980
-0.085005325871185783
-0.032634550210789731
-0.003611367708704403
-0.027475887608153962
-0.051875024660150100
-0.036584665824894599
-0.009100680394207307
-0.009666275219127028
-0.029089511486966528
-0.032332417172802518
-0.015778797827487638
-0.006335832471585352
-0.015120879557781904
-0.023931196199722581
-0.018336860270711051
-0.008500832928960620
-0.008908833457741266
-0.015796437665346472
-0.016654700412691934
-0.010780260339062387
-0.007656659977931634
-0.010507741798700218
-0.013025742107366555
-0.011055049147564597
-0.008137854862719921
-0.008219050858313013
-0.009770617937267126
-0.009674614658549222
-0.008249618786425572
-0.007594213848154137
-0.007891101354572362
-0.007926926457754981
-0.007500471726331645
-0.007231293221910552
-0.007089011832710196
-0.006715319883864958
-0.006407174401531923
-0.006523640863399512
-0.006598643503585512
-0.006119712574724341
-0.005562163983673316
-0.005620031117259062
-0.005952672271831832
-0.005745031882178043
-0.005113015687264738
-0.004881918299806177
-0.005174646382226447
-0.005264994638688525
-0.004838594224170365
-0.004444614059416422
-0.004501516889936672
-0.004662962807799435
-0.004498942896539074
-0.004174293395237043
-0.004056092024070312
-0.004104765373991719
-0.004054283987465398
-0.003885887462230939
-0.003762832648986522
-0.003702875776172087
-0.003617260178772028
-0.003525059824639824
-0.003482030115933363
-0.003422866721561219
-0.003284197481790122
-0.003163029596916766
-0.003156643639498824
-0.003163492438304391
-0.003044630696875245
-0.002876896105228702
-0.002830244532511068
-0.002872903711841695
-0.002825520836969370
-0.002667818145004289
-0.002563733305549614
-0.002578059259883176
-0.002581447920224935
-0.002481778100063998
-0.002364565277103041
-0.002328119979193245
-0.002328258371648349
-0.002278461368405075
-0.002192739795045752
-0.002134962403976096
-0.002105615517414428
-0.002065051371225931
-0.002012783414005653
-0.001970152339062307
-0.001927877764438286
-0.001872436633250572
-0.001825613955743780
-0.001803685373216850
-0.001775754537298258
-0.001715211575236819
-0.001654493115693455
-0.001632884915119030
-0.001624667402854171
-0.001580471116653240
-0.001512931825818817
-0.001475228485570135
-0.001470191883132269
-0.001448097410112261
-0.001392310008460499
-0.001342978463131465
-0.001325585038756674
-0.001312637235020050
-0.001275990343373223
-0.001230732121299776
-0.001202005284705605
-0.001183925419562416
-0.001157797764886861
-0.001124888389117562
-0.001096648661774195
-0.001071871215071466
-0.001044601704702024
-0.001019031353292738
-0.000998745790291949
-0.000975544696002693
-0.000944807586416915
-0.000917669809888825
-0.000902183433643449
-0.000886611386433845
-0.000858589928291850
-0.000827713768740495
-0.000809820602094303
-0.000799528877968469
-0.000779483005330151
-0.000749938070715541
-0.000727332361849230
-0.000716023299858514
-0.000702494401771571
-0.000679296571542056
-0.000655894547703838
-0.000640773010145088
-0.000628466410119953
-0.000611286634182772
-0.000591651017272497
-0.000575239490103895
-0.000561167856729761
-0.000546030378630804
-0.000530631155645956
-0.000516600694356330
-0.000502166930594955
-0.000486432558397230
-0.000472457139688901
-0.000461481237164166
-0.000449459985694533
-0.000433984298595803
-0.000419294589955510
-0.000409235341200107
-0.000400238828836508
-0.000387258515962439
-0.000372473308362688
-0.000361467728765685
-0.000353732593603692
-0.000343911998594951
-0.000330972457702816
-0.000319354267980713
-0.000311121063160699
-0.000303098534666403
-0.000292828068469095
-0.000282196903808971
-0.000273441072076514
-0.000265639888728896
-0.000257149319493609
-0.000248376719711239
-0.000240257594443278
-0.000232415198876080
-0.000224448754273600
-0.000217013111023157
-0.000210273942388331
-0.000203173365288864
-0.000195426191909440
-0.000188380785959237
-0.000182674888247745
-0.000176890187003509
-0.000169934375299540
-0.000163011295194889
-0.000157576455957241
-0.000152837135589219
-0.000147156377932798
-0.000140813208353617
-0.000135377252915043
-0.000131025788425927
-0.000126442414576376
-0.000121128003534927
-0.000116025114277778
-0.000111750789580845
-0.000107725169177808
-0.000103375624600577
-0.000098994948662277
-0.000094988955994988
-0.000091207147667820
-0.000087427989953915
-0.000083779120820720
-0.000080330189043052
-0.000076876340042790
-0.000073403637861246
-0.000070213177458086
-0.000067343263523178
-0.000064412606198436
-0.000061284277015157
-0.000058348366036622
-0.000055851820507845
-0.000053455014618625
-0.000050812951909145
-0.000048153762435909
-0.000045861116091962
-0.000043829359753324
-0.000041685593745982
-0.000039417326325518
-0.000037330676058107
-0.000035510744132912
-0.000033734093624517
-0.000031880734062358
-0.000030084668975794
-0.000028452708488408
-0.000026911376897515
-0.000025383683282424
-0.000023905128872474
-0.000022509834737231
-0.000021164905871825
-0.000019862308374924
-0.000018643448728462
-0.000017500840066872
-0.000016372395624407
-0.000015257148655798
-0.000014225864186763
-0.000013292777939328
-0.000012383547725543
-0.000011461800552914
-0.000010587750448331
-9.809230245714940E-6
-9.082025815391710E-6
-8.350095769108540E-6
-7.634268352476720E-6
-6.984140392643320E-6
-6.393534030033670E-6
-5.820573006995990E-6
-5.258106051855290E-6
-4.732858350773220E-6
-4.253665440365430E-6
-3.802972051747220E-6
-3.370671505512280E-6

