-83.73587878722970E-9
-88.33876925116750E-9
-94.26765647373810E-9
-113.4206007798920E-9
-135.8393037712360E-9
-139.7014498160430E-9
-133.7691249686890E-9
-152.3912510848160E-9
-194.1882761824600E-9
-212.8389500022910E-9
-195.5063143911260E-9
-196.0436153934280E-9
-246.8309435891670E-9
-294.6921468207380E-9
-286.7889202710390E-9
-266.1703490451180E-9
-301.3998347551540E-9
-366.9716876863750E-9
-388.7443075541050E-9
-373.4269098489330E-9
-388.6358647308330E-9
-439.5064845351090E-9
-474.1755733241380E-9
-490.5564678195820E-9
-524.3184156062080E-9
-556.2587093078480E-9
-555.1807505046080E-9
-576.2464159078320E-9
-670.0688106263290E-9
-742.8617068443310E-9
-694.3312933606740E-9
-642.0677885960950E-9
-763.1925778910450E-9
-949.4419979787730E-9
-934.5977286158100E-9
-773.0148264412990E-9
-808.9000495409910E-9
-1.085379836655340E-6
-1.217090532558760E-6
-1.036773040173050E-6
-916.0953146751760E-9
-1.143640542845510E-6
-1.418447438033380E-6
-1.367556528247160E-6
-1.183136596916540E-6
-1.259737306368150E-6
-1.515232400988140E-6
-1.602246817397940E-6
-1.536630153860360E-6
-1.571505882236360E-6
-1.676911363124850E-6
-1.694135956099180E-6
-1.759863439120930E-6
-1.998726515662030E-6
-2.098412691347210E-6
-1.854801703800660E-6
-1.765981775176750E-6
-2.253378386650510E-6
-2.703419738500180E-6
-2.360938275195720E-6
-1.808315685007490E-6
-2.181964922253490E-6
-3.120903742135010E-6
-3.161803652904560E-6
-2.266874394712740E-6
-2.068439893364650E-6
-3.104965176526470E-6
-3.801024388954340E-6
-3.138515610153140E-6
-2.410193445349020E-6
-2.959322675727500E-6
-3.920750404957610E-6
-3.876784822770710E-6
-3.267098878907800E-6
-3.317986847356310E-6
-3.842928964443990E-6
-3.985076936944250E-6
-3.983613632805390E-6
-4.326502056337700E-6
-4.377979626358650E-6
-3.797931329944770E-6
-3.871005279894720E-6
-5.198890165700170E-6
-5.810287593742050E-6
-4.353208151802550E-6
-3.239861142224840E-6
-4.980083248624940E-6
-7.229294627164050E-6
-6.156224893049720E-6
-3.386427790550490E-6
-3.886633283494520E-6
-7.350854716050880E-6
-8.211441303288770E-6
-5.115111205494090E-6
-3.474065681919940E-6
-6.227397291352400E-6
-8.867460942013410E-6
-7.383919615573710E-6
-4.903615283336290E-6
-5.681450240910540E-6
-7.963344013349430E-6
-8.121080874767790E-6
-7.097383107971910E-6
-7.310433479673830E-6
-7.638308513813340E-6
-6.880502179561890E-6
-7.449750735164850E-6
-0.000010025571262516
-0.000010083938191842
-6.171236421512360E-6
-5.066353523875480E-6
-0.000010544848519003
-0.000014319515436535
-8.994367432028440E-6
-2.794914749430450E-6
-7.280844307784270E-6
-0.000016308399660083
-0.000014692137904778
-4.621939728798640E-6
-3.291786833819520E-6
-0.000013542836098933
-0.000018481114051677
-0.000010421149872350
-3.656261887876930E-6
-9.174273210918540E-6
-0.000016762231243806
-0.000014639762622691
-8.930519223843090E-6
-9.538089521004040E-6
-0.000012742935577444
-0.000012334539448833
-0.000012644911021521
-0.000016112282971462
-0.000014365169390448
-6.665753846642080E-6
-8.013099001497390E-6
-0.000021374484943450
-0.000024558177367825
-7.599881996087310E-6
 2.257190510392450E-6
-0.000016038997193121
-0.000034885692618012
-0.000020280655469526
 5.970037825453970E-6
-1.679064795152220E-6
-0.000033042315497348
-0.000035770933841581
-4.925240554519860E-6
 7.305695216946250E-6
-0.000018830680371826
-0.000038392938200264
-0.000021324479557527
-614.1775330281370E-9
-8.998163851453300E-6
-0.000025671345870031
-0.000023532007639769
-0.000016280124049150
-0.000019527784426856
-0.000017249061826136
-5.841253535703700E-6
-0.000014682547809888
-0.000041695721041453
-0.000035443568773094
 8.838673534846760E-6
 0.000015167846903455
-0.000043753933493404
-0.000073615286703438
-0.000010498666537702
 0.000047783966724042
-6.616290032174110E-6
-0.000092667550375221
-0.000061847448275119
 0.000041625059759339
 0.000043167511830817
-0.000062877536822406
-0.000098709265376389
-8.232842052255560E-6
 0.000051869446371771
-0.000010894215985638
-0.000078100843930059
-0.000046653127301351
 5.288895052607590E-6
-6.318376748206990E-6
-0.000026287988496178
-0.000011912694074834
-0.000029975317250100
-0.000078300348764714
-0.000035595647619241
 0.000073716940147143
 0.000036929302687934
-0.000148035909499195
-0.000162153589197334
 0.000088587168797437
 0.000198341674548526
-0.000083186078483455
-0.000320711745716833
-0.000066328971407486
 0.000301542740954662
 0.000138479978070192
-0.000327669710271972
-0.000308662469803963
 0.000189490136434616
 0.000331753355174196
-0.000116696820778250
-0.000389283133304421
-0.000062558437440320
 0.000257215315524909
 0.000078944742216380
-0.000172419752246262
-0.000097274731346780
-0.000027736562181718
-0.000133184533783945
 0.000036603061278407
 0.000379846214240578
 0.000021884991850610
-0.000799473768580447
-0.000457801410517019
 0.001039161100301185
 0.001082706670015418
-0.001152350021175283
-0.002085479191601673
 0.000716906099937476
 0.003094985701617548
 0.000202460470964341
-0.004096736559399197
-0.001927433954143262
 0.004521338192335242
 0.004183358709239653
-0.004219943011235795
-0.006997615093992435
 0.002583895339197152
 0.009737288654178552
 0.000438090485082010
-0.012063818458311535
-0.005221475951935149
 0.013007637457600398
 0.011456471562217341
-0.011960870393954578
-0.019081924341309457
 0.007722610863174964
 0.027332686962253255
 0.000640696412356134
-0.035755277951105897
-0.015219748221261622
 0.043320983074568491
 0.040056104155535323
-0.049501130935030807
-0.091155744044083928
 0.053402007964567802
 0.313140017913353608
 0.445161741218269180
 0.313140017913049851
 0.053402007964267022
-0.091155744044137219
-0.049501130934907787
 0.040056104155607050
 0.043320983074511890
-0.015219748221329349
-0.035755277951086524
 0.000640696412412775
 0.027332686962256637
 0.007722610863132600
-0.019081924341325260
-0.011960870393926340
 0.011456471562238313
 0.013007637457584195
-0.005221475951957044
-0.012063818458305684
 0.000438090485100609
 0.009737288654178874
 0.002583895339182324
-0.006997615093996479
-0.004219943011224126
 0.004183358709247312
 0.004521338192328822
-0.001927433954151145
-0.004096736559396749
 0.000202460470970874
 0.003094985701617198
 0.000716906099931692
-0.002085479191604236
-0.001152350021172934
 0.001082706670017406
 0.001039161100300553
-0.000457801410517427
-0.000799473768579181
 0.000021884991851310
 0.000379846214239302
 0.000036603061277000
-0.000133184533783538
-0.000027736562180223
-0.000097274731346156
-0.000172419752247247
 0.000078944742214590
 0.000257215315523713
-0.000062558437439814
-0.000389283133302290
-0.000116696820775976
 0.000331753355175070
 0.000189490136434011
-0.000308662469804934
-0.000327669710272341
 0.000138479978070774
 0.000301542740955866
-0.000066328971407257
-0.000320711745719755
-0.000083186078489096
 0.000198341674544855
 0.000088587168800383
-0.000162153589189390
-0.000148035909493340
 0.000036929302687225
 0.000073716940142756
-0.000035595647622118
-0.000078300348765779
-0.000029975317252714
-0.000011912694078920
-0.000026287988496729
-6.318376742184480E-6
 5.288895060996840E-6
-0.000046653127297838
-0.000078100843933547
-0.000010894215991503
 0.000051869446368912
-8.232842051339720E-6
-0.000098709265374641
-0.000062877536822224
 0.000043167511829631
 0.000041625059758330
-0.000061847448274900
-0.000092667550373786
-6.616290030294060E-6
 0.000047783966725305
-0.000010498666537793
-0.000073615286704729
-0.000043753933494922
 0.000015167846902654
 8.838673534877830E-6
-0.000035443568772856
-0.000041695721041561
-0.000014682547810233
-5.841253535713160E-6
-0.000017249061825413
-0.000019527784425572
-0.000016280124047911
-0.000023532007639200
-0.000025671345870376
-8.998163852376830E-6
-614.1775337939270E-9
-0.000021324479557583
-0.000038392938199776
-0.000018830680371492
 7.305695216701560E-6
-4.925240555012660E-6
-0.000035770933841695
-0.000033042315496925
-1.679064794574670E-6
 5.970037825807720E-6
-0.000020280655469494
-0.000034885692618362
-0.000016038997193952
 2.257190509286660E-6
-7.599881996901430E-6
-0.000024558177368040
-0.000021374484943454
-8.013099001797020E-6
-6.665753847004540E-6
-0.000014365169390112
-0.000016112282970217
-0.000012644911020067
-0.000012334539447868
-0.000012742935576902
-9.538089520615250E-6
-8.930519224002260E-6
-0.000014639762624003
-0.000016762231245783
-9.174273211954560E-6
-3.656261887009060E-6
-0.000010421149870608
-0.000018481114051056
-0.000013542836100142
-3.291786835624130E-6
-4.621939729633560E-6
-0.000014692137904443
-0.000016308399659502
-7.280844307539670E-6
-2.794914749149640E-6
-8.994367431210500E-6
-0.000014319515435416
-0.000010544848518294
-5.066353523908160E-6
-6.171236421958910E-6
-0.000010083938192221
-0.000010025571262691
-7.449750735306220E-6
-6.880502179826780E-6
-7.638308514183120E-6
-7.310433480013180E-6
-7.097383108135310E-6
-8.121080874684860E-6
-7.963344013092170E-6
-5.681450240669860E-6
-4.903615283272090E-6
-7.383919615679850E-6
-8.867460942158980E-6
-6.227397291439270E-6
-3.474065681955420E-6
-5.115111205521230E-6
-8.211441303307250E-6
-7.350854716028650E-6
-3.886633283411270E-6
-3.386427790402040E-6
-6.156224892847200E-6
-7.229294626964500E-6
-4.980083248530240E-6
-3.239861142287610E-6
-4.353208151938630E-6
-5.810287593797400E-6
-5.198890165628480E-6
-3.871005279821050E-6
-3.797931330013640E-6
-4.377979626553190E-6
-4.326502056502210E-6
-3.983613632830650E-6
-3.985076936868630E-6
-3.842928964366350E-6
-3.317986847319570E-6
-3.267098878904710E-6
-3.876784822802600E-6
-3.920750405015780E-6
-2.959322675749060E-6
-2.410193445279930E-6
-3.138515610060320E-6
-3.801024388982500E-6
-3.104965176695370E-6
-2.068439893484250E-6
-2.266874394584830E-6
-3.161803652577320E-6
-3.120903741864720E-6
-2.181964922214070E-6
-1.808315685128740E-6
-2.360938275316690E-6
-2.703419738585260E-6
-2.253378386765100E-6
-1.765981775305740E-6
-1.854801703817190E-6
-2.098412691190200E-6
-1.998726515455860E-6
-1.759863439050460E-6
-1.694135956200350E-6
-1.676911363261260E-6
-1.571505882272460E-6
-1.536630153801220E-6
-1.602246817345250E-6
-1.515232401005660E-6
-1.259737306425890E-6
-1.183136596948470E-6
-1.367556528226430E-6
-1.418447437985980E-6
-1.143640542812470E-6
-916.0953146750890E-9
-1.036773040193970E-6
-1.217090532575260E-6
-1.085379836652640E-6
-808.9000495266320E-9
-773.0148264346850E-9
-934.5977286268990E-9
-949.4419979985980E-9
-763.1925779028660E-9
-642.0677885926610E-9
-694.3312933491750E-9
-742.8617068375990E-9
-670.0688106325260E-9
-576.2464159269500E-9
-555.1807505298050E-9
-556.2587093283910E-9
-524.3184156133380E-9
-490.5564678139340E-9
-474.1755733162990E-9
-439.5064845356410E-9
-388.6358647393890E-9
-373.4269098558350E-9
-388.7443075526980E-9
-366.9716876802110E-9
-301.3998347514520E-9
-266.1703490448410E-9
-286.7889202693310E-9
-294.6921468152070E-9
-246.8309435828230E-9
-196.0436153890850E-9
-195.5063143873790E-9
-212.8389499972110E-9
-194.1882761778920E-9
-152.3912510837730E-9
-133.7691249703130E-9
-139.7014498167170E-9
-135.8393037700640E-9
-113.4206007797380E-9
-94.26765647640570E-9
-88.33876925468410E-9
-83.73587878925700E-9

